INPUT MESSAGE 1101111010 
ENCODED MESSAGE  11010100011010010010 

RECEIVED MESSAGE 11010100011010010010
A(00, 0)  |0| 
A->A(00, 0)  |2| A->C(11, 1)  |0| 
A->A(00, 0)  |3| A->C(11, 1)  |3| C->B(10, 0)  |2| C->D(01, 1)  |0| 
A->A(00, 0)  |4| A->C(11, 1)  |4| C->B(10, 0)  |5| C->D(01, 1)  |3| B->A(11, 0)  |3| B->C(00, 1)  |3| D->B(01, 0)  |0| D->D(10, 1)  |2| 
A->A(00, 0)  |3| A->C(11, 1)  |5| C->B(10, 0)  |4| C->D(01, 1)  |4| B->A(11, 0)  |2| B->C(00, 1)  |0| D->B(01, 0)  |3| D->D(10, 1)  |3| 
A->A(00, 0)  |3| A->C(11, 1)  |3| C->B(10, 0)  |2| C->D(01, 1)  |0| B->A(11, 0)  |4| B->C(00, 1)  |4| D->B(01, 0)  |3| D->D(10, 1)  |5| 
A->A(00, 0)  |4| A->C(11, 1)  |4| C->B(10, 0)  |3| C->D(01, 1)  |5| B->A(11, 0)  |3| B->C(00, 1)  |3| D->B(01, 0)  |2| D->D(10, 1)  |0| A->A(00, 0)  |5| A->C(11, 1)  |5| C->B(10, 0)  |4| C->D(01, 1)  |6| B->A(11, 0)  |4| B->C(00, 1)  |4| D->B(01, 0)  |7| D->D(10, 1)  |5| 
A->A(00, 0)  |4| A->C(11, 1)  |4| C->B(10, 0)  |3| C->D(01, 1)  |5| B->A(11, 0)  |3| B->C(00, 1)  |3| D->B(01, 0)  |2| D->D(10, 1)  |0| B->A(11, 0)  |5| B->C(00, 1)  |5| A->A(00, 0)  |5| A->C(11, 1)  |5| C->B(10, 0)  |4| C->D(01, 1)  |6| B->A(11, 0)  |8| B->C(00, 1)  |8| D->B(01, 0)  |7| D->D(10, 1)  |5| 
A->A(00, 0)  |4| A->C(11, 1)  |4| C->B(10, 0)  |5| C->D(01, 1)  |3| B->A(11, 0)  |3| B->C(00, 1)  |3| D->B(01, 0)  |0| D->D(10, 1)  |2| A->A(00, 0)  |6| A->C(11, 1)  |6| C->B(10, 0)  |7| C->D(01, 1)  |5| A->A(00, 0)  |6| A->C(11, 1)  |6| C->B(10, 0)  |7| C->D(01, 1)  |5| B->A(11, 0)  |5| B->C(00, 1)  |5| A->A(00, 0)  |9| A->C(11, 1)  |9| C->B(10, 0)  |10| C->D(01, 1)  |8| B->A(11, 0)  |8| B->C(00, 1)  |8| D->B(01, 0)  |5| D->D(10, 1)  |7| 
A->A(00, 0)  |3| A->C(11, 1)  |5| C->B(10, 0)  |4| C->D(01, 1)  |4| B->A(11, 0)  |2| B->C(00, 1)  |0| D->B(01, 0)  |3| D->D(10, 1)  |3| D->B(01, 0)  |6| D->D(10, 1)  |6| D->B(01, 0)  |6| D->D(10, 1)  |6| A->A(00, 0)  |5| A->C(11, 1)  |7| C->B(10, 0)  |6| C->D(01, 1)  |6| A->A(00, 0)  |8| A->C(11, 1)  |10| C->B(10, 0)  |9| C->D(01, 1)  |9| B->A(11, 0)  |7| B->C(00, 1)  |5| D->B(01, 0)  |8| D->D(10, 1)  |8| 
A->A(00, 0)  |3| A->C(11, 1)  |3| C->B(10, 0)  |0| C->D(01, 1)  |2| B->A(11, 0)  |4| B->C(00, 1)  |4| D->B(01, 0)  |5| D->D(10, 1)  |3| B->A(11, 0)  |7| B->C(00, 1)  |7| D->B(01, 0)  |8| D->D(10, 1)  |6| B->A(11, 0)  |7| B->C(00, 1)  |7| D->B(01, 0)  |8| D->D(10, 1)  |6| A->A(00, 0)  |6| A->C(11, 1)  |6| B->A(11, 0)  |7| B->C(00, 1)  |7| D->B(01, 0)  |8| D->D(10, 1)  |6| A->A(00, 0)  |8| A->C(11, 1)  |8| C->B(10, 0)  |5| C->D(01, 1)  |7| B->A(11, 0)  |9| B->C(00, 1)  |9| D->B(01, 0)  |10| D->D(10, 1)  |8| 


(11, 1, 1)(01, 1, 1)(01, 0, 1)(00, 1, 1)(01, 1, 1)(10, 1, 1)(10, 1, 1)(01, 0, 1)(00, 1, 1)(10, 0, 1)

 Mensagem decodificada 1101111010 

RECEIVED MESSAGE 01010100011010010010
A(00, 0)  |0| 
A->A(00, 0)  |1| A->C(11, 1)  |1| 
A->A(00, 0)  |2| A->C(11, 1)  |2| C->B(10, 0)  |3| C->D(01, 1)  |1| 
A->A(00, 0)  |3| A->C(11, 1)  |3| C->B(10, 0)  |4| C->D(01, 1)  |2| B->A(11, 0)  |4| B->C(00, 1)  |4| D->B(01, 0)  |1| D->D(10, 1)  |3| 
A->A(00, 0)  |3| A->C(11, 1)  |5| C->B(10, 0)  |4| C->D(01, 1)  |4| D->B(01, 0)  |3| D->D(10, 1)  |3| A->A(00, 0)  |4| A->C(11, 1)  |6| C->B(10, 0)  |5| C->D(01, 1)  |5| B->A(11, 0)  |3| B->C(00, 1)  |1| D->B(01, 0)  |4| D->D(10, 1)  |4| 
A->A(00, 0)  |4| A->C(11, 1)  |4| B->A(11, 0)  |4| B->C(00, 1)  |4| D->B(01, 0)  |3| D->D(10, 1)  |5| A->A(00, 0)  |4| A->C(11, 1)  |4| C->B(10, 0)  |3| C->D(01, 1)  |1| B->A(11, 0)  |5| B->C(00, 1)  |5| D->B(01, 0)  |4| D->D(10, 1)  |6| 
A->A(00, 0)  |5| A->C(11, 1)  |5| C->B(10, 0)  |4| C->D(01, 1)  |6| A->A(00, 0)  |5| A->C(11, 1)  |5| C->B(10, 0)  |4| C->D(01, 1)  |6| B->A(11, 0)  |4| B->C(00, 1)  |4| A->A(00, 0)  |5| A->C(11, 1)  |5| C->B(10, 0)  |4| C->D(01, 1)  |6| B->A(11, 0)  |4| B->C(00, 1)  |4| D->B(01, 0)  |3| D->D(10, 1)  |1| A->A(00, 0)  |6| A->C(11, 1)  |6| C->B(10, 0)  |5| C->D(01, 1)  |7| B->A(11, 0)  |5| B->C(00, 1)  |5| D->B(01, 0)  |8| D->D(10, 1)  |6| 
A->A(00, 0)  |5| A->C(11, 1)  |5| C->B(10, 0)  |4| C->D(01, 1)  |6| A->A(00, 0)  |5| A->C(11, 1)  |5| C->B(10, 0)  |4| C->D(01, 1)  |6| B->A(11, 0)  |4| B->C(00, 1)  |4| D->B(01, 0)  |3| D->D(10, 1)  |1| B->A(11, 0)  |6| B->C(00, 1)  |6| A->A(00, 0)  |6| A->C(11, 1)  |6| C->B(10, 0)  |5| C->D(01, 1)  |7| B->A(11, 0)  |9| B->C(00, 1)  |9| D->B(01, 0)  |8| D->D(10, 1)  |6| 
A->A(00, 0)  |5| A->C(11, 1)  |5| C->B(10, 0)  |6| C->D(01, 1)  |4| B->A(11, 0)  |4| B->C(00, 1)  |4| D->B(01, 0)  |1| D->D(10, 1)  |3| A->A(00, 0)  |7| A->C(11, 1)  |7| C->B(10, 0)  |8| C->D(01, 1)  |6| A->A(00, 0)  |7| A->C(11, 1)  |7| C->B(10, 0)  |8| C->D(01, 1)  |6| B->A(11, 0)  |6| B->C(00, 1)  |6| A->A(00, 0)  |10| A->C(11, 1)  |10| C->B(10, 0)  |11| C->D(01, 1)  |9| B->A(11, 0)  |9| B->C(00, 1)  |9| D->B(01, 0)  |6| D->D(10, 1)  |8| 
A->A(00, 0)  |4| A->C(11, 1)  |6| C->B(10, 0)  |5| C->D(01, 1)  |5| B->A(11, 0)  |3| B->C(00, 1)  |1| D->B(01, 0)  |4| D->D(10, 1)  |4| D->B(01, 0)  |7| D->D(10, 1)  |7| D->B(01, 0)  |7| D->D(10, 1)  |7| A->A(00, 0)  |6| A->C(11, 1)  |8| C->B(10, 0)  |7| C->D(01, 1)  |7| A->A(00, 0)  |9| A->C(11, 1)  |11| C->B(10, 0)  |10| C->D(01, 1)  |10| B->A(11, 0)  |8| B->C(00, 1)  |6| D->B(01, 0)  |9| D->D(10, 1)  |9| 
A->A(00, 0)  |4| A->C(11, 1)  |4| C->B(10, 0)  |1| C->D(01, 1)  |3| B->A(11, 0)  |5| B->C(00, 1)  |5| D->B(01, 0)  |6| D->D(10, 1)  |4| B->A(11, 0)  |8| B->C(00, 1)  |8| D->B(01, 0)  |9| D->D(10, 1)  |7| B->A(11, 0)  |8| B->C(00, 1)  |8| D->B(01, 0)  |9| D->D(10, 1)  |7| A->A(00, 0)  |7| A->C(11, 1)  |7| B->A(11, 0)  |8| B->C(00, 1)  |8| D->B(01, 0)  |9| D->D(10, 1)  |7| A->A(00, 0)  |9| A->C(11, 1)  |9| C->B(10, 0)  |6| C->D(01, 1)  |8| B->A(11, 0)  |10| B->C(00, 1)  |10| D->B(01, 0)  |11| D->D(10, 1)  |9| 


(11, 1, 1)(01, 1, 1)(01, 0, 1)(00, 1, 1)(01, 1, 1)(10, 1, 1)(10, 1, 1)(01, 0, 1)(00, 1, 1)(10, 0, 1)
Mensagem decodificada 1101111010 
